771960
186837
796276
713637
71993
311231
994844
956306
179518
473373
99742
803017
339144
803933
628014
611671
785161
632929
401951
582383
552270
27877
200698
664983
654381
110058
885593
78397
453466
973588
671543
929778
949241
663622
591224
297779
184216
860040
454133
644813
26085
436546
779188
774097
153538
759230
878435
250497
832794
456214
481751
549160
17521
730625
260341
919932
631188
231533
997290
377083
385014
608659
325623
339043
156483
882449
344271
987650
330133
950941
762822
767540
599129
257129
411918
757242
815899
408090
814661
588093
979881
633980
291158
862559
430721
647528
686943
578675
471994
908117
546997
513245
823246
105640
525623
582305
440819
197340
455980
726073
731707
401313
525107
859690
308159
372123
518024
410493
909454
722594
27026
282882
209076
483346
946632
111886
326823
243429
562197
570851
752166
745730
693469
73586
471438
126638
255062
483122
404223
878762
321898
48273
887021
507586
272522
921839
536335
16065
206425
24046
320032
612369
760771
858849
914558
153911
927467
79080
779337
101771
585305
432011
693165
537318
700547
778826
996358
939942
950904
351784
439339
597456
348104
919753
184768
559901
990981
260210
237573
239871
86056
931385
430028
650833
219264
639638
983572
245718
148211
477641
350288
307559
770605
296783
913124
540114
454850
49776
801997
487036
478889
240524
251551
764605
184652
346424
825777
474600
448002
184850
900727
115596
720334
673073
905800
568977
253959
833040
772472
576265
674862
133619
325671
235955
182203
336452
734898
847705
71832
912915
134223
917696
661503
997503
833479
634478
696559
292377
294883
234931
992410
616697
811124
316959
925254
177854
619961
966876
445632
889144
857477
602883
271716
298813
377154
852234
755341
780578
46873
206558
987314
901732
190068
2618
362901
491267
649897
338106
131741
415896
192028
294088
368918
814606
363538
798388
700625
134177
619030
162516
751888
678376
184581
605766
38925
647588
16547
570189
89738
143751
285019
172960
79927
742869
143428
278313
971866
370512
838025
322828
613199
617409
138131
580316
411921
995192
886667
183871
194269
223238
776124
739832
559554
375180
57185
881462
565247
262273
556802
191417
384578
508657
430628
553975
576324
255673
926450
588985
832446
848471
903301
685762
321245
468517
220373
663364
617
113382
966626
614538
800657
355681
94684
508839
733241
264314
561602
102387
917970
346679
14492
747626
153907
910262
442804
313154
603847
265445
205769
533475
206446
58110
195878
955766
294906
869087
598491
943867
982146
604875
448284
364709
248063
247979
880226
140967
456781
265176
851578
608183
522586
542815
886276
63142
657945
887997
96628
101967
277212
927513
142065
443679
437796
128002
963348
573116
504195
836484
924123
737437
354424
396449
216343
11354
480527
257075
881948
658918
390427
976598
319784
993527
212531
248073
20762
41907
202114
855929
759772
719655
877573
250666
450348
92758
984333
786358
69056
742746
144257
179238
211386
418902
356549
349959
424882
387715
668090
763353
227838
499898
34862
387287
630477
997220
735260
844057
445630
291941
675621
426620
685733
602275
222765
866185
117853
316146
924012
677390
616247
326884
324620
355582
226180
455000
1440
889517
378233
985589
711561
541141
68048
562664
979423
117383
59747
142405
815502
839077
13515
377878
493083
898882
240523
478335
172738
968831
112460
445588
510982
378802
271967
548865
748519
254218
507581
685239
723293
607664
975575
460381
370608
630501
738656
580487
601074
734229
294283
551136
294455
46783
383105
915328
102155
751796
292435
595484
267616
191500
710993
380859
836548
427687
247321
398545
112886
813607
586712
279091
634822
134328
34349
396630
432639
159990
307350
998910
777910
92391
348108
867565
722032
617862
343110
181546
145189
601382
658000
211947
608102
864385
709420
850435
85789
43654
752415
405007
199781
372063
617208
284579
554153
67463
544330
133129
426109
341110
656841
868094
521733
443916
200620
757054
310992
479402
385745
727587
811303
42752
115454
267362
574716
697060
206554
605125
567599
482246
424221
646765
460076
94804
915726
440998
902584
97255
700446
384976
444822
266320
331408
685588
938777
652882
800193
181500
749929
385337
663336
295756
988546
94968
244492
487163
380553
268461
898428
391539
592281
20121
705078
40199
386344
382731
473618
197843
603348
915869
36609
898259
226202
455413
634743
876581
978200
156139
260466
236460
790252
750130
68200
939319
872905
967782
925957
273773
718599
665556
449061
951134
173414
742533
804794
764556
75072
107260
972845
298525
388220
908902
26299
33323
218560
516828
159676
560253
734492
423628
412424
486557
943871
706376
734978
119436
313618
944821
310540
475414
281974
767485
992651
409845
940547
453023
660906
410997
500480
243728
769952
87059
931428
836390
368002
40867
360682
700838
307603
928654
367293
61596
285527
129257
850037
512396
568125
947343
575849
43265
929544
987949
286110
782715
382400
907071
776371
501140
825319
855326
512714
578478
307427
28051
539194
984956
892130
98536
122121
905905
954302
194892
510069
893468
127049
595898
148824
933303
419429
992936
510769
619672
479826
708606
537316
842133
505797
763561
613015
123809
601104
154387
33246
973346
728559
502453
410379
219468
838783
995582
485361
288242
245371
18883
733251
785858
918710
145959
74894
666209
137324
549028
354142
363459
193844
464875
717285
343361
179633
256988
827974
431665
934856
897615
309941
647086
652481
483008
360394
216194
314288
426432
15435
17262
711309
729396
507553
514822
918117
387580
873270
146764
350027
678606
122344
891882
801529
902527
17151
68464
298307
37432
291504
55552
447222
537068
431503
458603
792773
44377
42788
574446
389822
772878
855935
478708
363849
249015
454565
806221
429681
877175
139492
422088
435307
426691
963793
808837
20481
282209
834177
988322
390132
464668
653982
818925
414313
510262
943413
973728
789391
153902
976570
104180
95866
349299
176969
418955
930365
442572
59848
373938
899129
338159
754357
434085
547459
189003
497448
432776
307883
88825
865313
407034
808040
835325
546044
998573
471042
812559
645079
457491
677480
10047
914849
375673
856779
347772
83329
38997
486345
600079
188510
141059
894784
821329
616513
458718
320592
612534
422553
777492
330635
679219
876981
193160
89325
437202
74018
638122
593634
435235
945380
782383
298417
59806
459238
799099
192308
255324
459263
780173
284645
903226
915924
153374
685337
445207
559161
249487
852492
310172
462235
534030
304626
122452
936922
43177
711743
86694
146112
239145
142075
231155
662824
711120
910186
572920
41536
454259
249338
619276
617468
35257
604122
118533
360053
865446
817824
886980
438275
373225
703461
200764
184092
880288
786992
976809
249521
67079
370120
553601
334307
139277
178326
371620
807076
326812
432002
23421
867080
876134
122552
360135
554590
976276
425486
590994
977739
516742
891179
164369
757059
794263
379388
771074
746307
65814
448902
604878
58554
640151
516793
252720
834653
674611
262097
732184
668065
38429
319141
234941
762001
90440
142991
628697
341532
111037
130038
190593
180404
105009
100199
494100
505427
16498
267123
803424
119308
131114
965592
650171
934833
317881
367140
565272
171337
181724
11373
253989
516313
903581
771530
284769
473703
282656
851617
693227
761397
855204
82793
508921
635093
89448
831122
936827
512295
566828
652047
784908
270286
618324
265581
383743
366611
473892
457216
799241
154836
887101
840968
966781
57612
760701
800598
290943
875869
483948
465847
55621
956550
408482
292004
781787
818966
649712
341158
368659
272155
490278
150951
366223
477249
853707
906904
331631
656413
915354
669786
582231
212689
999072
101802
401733
57954
432863
597326
150308
362207
215016
606167
913352
209074
767329
361311
608664
858886
39982
996288
277133
511970
892466
813918
179764
831923
858880
747916
618922
630093
799826
582578
773091
818607
303068
724679
270115
423971
646676
554176
240357
33994
68846
129654
212320
323644
659319
481730
290067
471969
616797
933017
444668
592771
694803
251734
507609
37909
872094
662813
576702
545599
695244
697849
570958
937787
465213
777242
423308
664329
920406
706674
571974
558970
742840
972561
574496
299004
367427
927979
351600
872376
948494
178857
167800
780093
450952
164000
46908
44199
884024
590094
317155
120412
941441
566459
619751
642286
231185
298728
849630
894356
258854
14714
315545
8811
871358
382866
222466
271298
775098
18990
400097
421818
36571
280922
568631
201452
498526
337376
956440
533549
855169
434796
192740
854497
884581
441047
950560
994634
331408
942943
482139
28764
203370
362363
762576
865406
523798
484046
302079
485765
640194
808811
30615
149259
370897
499386
910039
128230
187003
923355
437067
559602
624973
80444
703181
789364
154910
55203
109168
677902
931007
787759
494557
543756
527544
645636
222107
308171
916554
883016
446938
709387
479547
369737
63406
730325
398549
947336
392080
707051
119551
386245
525147
632890
229664
761635
46642
666060
505303
545878
621605
378981
239847
266295
284521
350581
769716
262858
477509
866414
882480
721358
177480
220310
411082
486346
709010
697173
470071
903091
990046
833229
591896
574400
883243
176660
10284
208651
839633
410645
542516
259350
803854
87385
718105
392807
591223
828982
758049
557288
982027
55884
522477
942115
829429
803968
631505
314791
470953
770118
529781
240116
68294
351541
236562
859920
83796
992703
587088
536226
690876
230367
630829
505021
313241
846644
826579
448151
101237
37113
44655
396886
118512
304646
362669
246268
959197
521039
963196
473962
608061
416988
641072
721731
50837
295513
930413
939969
682905
580194
968875
264310
147033
514025
708349
899792
37881
386838
455634
432094
449164
7881
561692
119858
661466
471671
187502
141343
712633
343326
742188
460905
404854
764077
221221
3993
757407
850277
12443
848421
896418
35624
781240
341244
801096
875466
335401
239527
92996
393143
892557
236314
374949
62791
44361
236660
975717
409297
555683
237572
942131
683043
544609
691865
567286
722
572178
910979
28438
841229
464278
449003
622808
352595
341424
389054
537482
341942
85439
962768
787517
938993
393060
248164
680064
77477
669395
261282
465288
551688
913511
899022
581964
324923
713078
781815
545464
556787
722636
712407
302212
121611
331887
327514
918129
569611
884418
774391
889920
142631
70572
831629
103359
999307
497686
963546
473244
169151
327172
36616
536246
174412
818182
494802
949040
472259
712860
302052
176523
818619
234655
38945
24247
942633
614226
669157
213200
255573
883103
920105
638735
822472
187760
859881
580615
591462
452691
617666
622508
740185
11569
312254
931209
526733
597559
279850
235257
630452
338510
434036
129298
108059
769382
547751
514983
114939
991157
523711
469508
925201
521230
268796
648189
279665
629006
998372
947992
474555
737905
114303
945749
105649
865426
626932
291469
263662
359016
832936
251337
193267
640235
612990
952657
942125
671901
801847
6465
806273
275232
178934
656963
688124
221613
72810
930980
668139
839857
85861
457231
184584
359186
437611
693690
564469
219193
641395
356004
267338
898182
466847
119113
94534
718806
688565
539097
889088
206750
809133
101750
440446
308663
767214
317256
896759
954597
124431
923160
221587
16835
774324
912775
490848
880315
540106
125141
229471
55262
353779
167588
801922
199274
718292
673030
801798
705570
910134
221248
496943
919937
907161
910380
993235
747381
150478
523474
34889
138311
567439
301059
465538
931725
793086
517256
138451
280040
811903
366528
981356
390412
548388
337411
516779
49740
76198
902618
981791
875211
557866
82963
262208
79218
184693
201898
131609
970996
884715
395718
62607
144871
956041
960087
129557
286346
524303
954380
192916
982429
185026
974170
122504
607793
118812
592007
892580
102956
371617
637191
533326
279916
91293
163246
488354
70996
728624
495244
688181
451861
686241
207047
60167
176337
139967
740106
152540
320942
817142
385911
691959
110949
789923
376483
359897
727058
929963
397644
902236
714688
416967
314536
935505
607886
130485
716378
479844
668489
975858
522502
403412
908085
199598
470512
610728
681731
610723
122945
92565
434096
524327
205018
910432
498960
791716
766209
202264
210992
372170
276703
120182
479756
956036
171281
174335
21927
925031
105106
935091
938683
860098
641856
843295
619119
92914
461125
168752
928425
261291
588437
462155
169558
168463
629269
300503
750307
42889
981054
396101
10697
82706
789077
137155
778227
224321
760242
121691
294737
439191
930645
160089
476519
838634
470758
188319
852757
219677
503123
720389
797015
32150
212228
839490
19635
52693
590326
758598
300867
494547
509053
193239
360291
110026
468733
352038
703065
277187
923090
907041
565015
208378
5154
738107
195184
353202
921225
69117
362295
802684
269581
863928
698170
654960
707628
551861
205068
362217
12965
584017
113263
840040
304731
444065
288394
766503
485934
913965
25344
737512
444432
894566
772901
179414
350880
34668
543903
469133
150333
745487
536689
233913
285688
168061
883964
137397
462541
813564
35157
608599
784203
611016
442662
480779
951686
470359
642333
147720
651146
582388
116662
193313
552150
2114
409426
525006
823077
315717
39426
108349
361207
240232
712184
3815
529765
869129
147548
703177
382865
130429
668893
605878
244470
797467
956343
926302
323060
216670
531304
114230
195382
971304
87913
554239
687491
287058
969750
421474
628368
986993
670532
126418
898821
285507
602783
53144
1224
626998
713147
547367
964454
461860
626432
172935
322475
511536
972104
20908
231986
477732
384607
379498
232278
973849
809054
745083
508583
840487
835637
882352
798658
117507
762339
488291
261800
203355
479026
451711
941352
506966
222885
591269
201756
228511
103702
322371
450116
879224
81829
748876
58199
589318
798276
846326
415826
990792
142967
555431
342922
256672
30537
660052
933691
885189
151899
215193
853761
975875
249214
747053
60449
658139
988241
626257
323605
570317
811340
553767
201026
199835
216014
121427
692412
900406
405326
732564
458836
670635
526885
919334
71450
61739
192327
684094
311770
57493
679754
473600
138334
65878
395491
735925
163137
217407
141458
271700
223697
33013
462151
729975
145900
625053
485277
298049
247433
835714
712797
829861
640192
371029
168890
895613
851709
343905
616034
32662
570353
574587
224068
185430
145266
558534
886802
117230
863188
193733
695017
703135
836325
57304
830955
587755
80822
783539
950492
509476
686653
528340
216134
493621
377261
769598
993369
792333
514440
768415
859449
33410
852993
423543
891579
208721
204454
592720
299620
560293
280339
505183
857359
501911
554775
748846
393538
195377
268873
117354
192543
925888
61549
54633
715815
144650
641368
748796
190879
336704
392781
72941
117562
509927
806496
9235
756739
561070
741107
784451
208331
84344
98483
331747
975960
547712
296862
129441
562756
330211
121145
805220
134519
23305
118198
936117
682344
7428
505996
868339
711508
888633
448015
520727
18959
804491
918023
888159
542294
13302
167902
448816
642543
596458
485062
909618
170086
313012
631397
426706
597484
479262
707450
142292
378534
683787
575508
917584
129001
932430
797085
516484
747079
148485
360145
430859
96024
280303
848695
635656
984361
512096
509652
604534
960026
20257
948515
445622
152125
365874
787604
546081
898383
865446
660807
777533
437467
817797
64625
356936
793403
675122
366696
893906
657195
748169
374111
211863
351331
772512
784414
839371
762771
203550
175770
419708
75025
807625
760653
734645
411884
807015
772397
673892
205492
907589
531560
642875
996389
215210
273610
239471
986816
852566
955483
689414
485375
947872
214366
402357
799845
31193
585180
878872
706516
772229
22038
246129
100952
366945
30597
299722
182905
86014
263205
215492
171330
593248
152383
34084
849747
576742
128410
764418
407664
992000
903307
111850
871628
731466
886814
401477
587528
629036
696707
337359
467960
462638
340864
17680
41666
884875
15315
932349
147151
490800
536853
831671
345325
49156
546548
301679
132871
534418
214085
45931
440684
164220
109357
694681
231335
938270
371060
998424
67495
149284
658050
676470
646055
247873
730014
980593
98751
585172
126013
780605
506827
589566
299571
595749
165846
204810
540232
112194
113731
289882
830863
22597
709938
422939
311344
92927
191137
503772
429018
42148
669344
104259
989616
929352
107789
959841
322526
839514
879016
215791
565023
647513
644946
50326
318917
696507
750110
992717
101102
374896
366611
691606
384743
523571
12102
375408
615786
965297
189662
800896
659706
778778
618866
951878
564057
41705
116159
121937
896016
329935
114190
141870
260782
734395
473579
53741
420877
275528
83814
535932
958501
187589
777420
314903
389846
777073
299138
788384
620459
162076
958188
102448
697176
971314
603379
54754
773076
22705
886826
124111
386566
615664
921064
654870
265337
553970
207336
27959
117238
105896
851318
888794
279593
252240
71798
881106
236792
17719
594477
242101
699586
749850
835658
858302
936345
593223
998484
950682
932103
691654
833125
203449
25816
823939
354353
139299
448696
584979
292205
170407
163813
470930
560872
474257
521736
487864
936673
696687
498310
201791
663807
214709
602537
845315
858326
833003
346826
167784
542000
789332
307066
251134
789985
761111
809595
424901
979250
681126
542408
790538
219223
422128
499635
987063
944263
160671
171211
112432
290068
546430
562201
907885
858230
577618
728289
310050
831057
666406
100474
453182
423355
824564
367111
73359
573892
667492
332879
799238
388515
85665
164445
929621
849829
864848
244559
988753
699748
296796
237139
548968
192354
671343
123657
116426
685662
572358
979521
390098
922730
599860
617768
356612
796657
348147
903790
899306
671078
932571
565457
439139
190830
111849
423590
487373
358144
779090
710938
285307
595214
829386
321132
679750
590623
829802
742363
455413
501638
501738
4997
492431
468501
905160
186310
298164
318557
460498
994909
902584
899481
57818
252082
613391
304862
885227
553913
614672
158191
652591
949685
573517
884870
564454
605636
606403
28276
228175
64353
335429
697262
89833
877685
57707
903738
820514
39017
302936
303972
213716
504971
400410
246679
372299
296886
183161
130141
254842
860046
226439
134810
681340
612866
845169
664198
993114
838842
372465
610090
589222
933667
200869
888572
992060
435558
817447
697482
555209
908032
297418
555646
897970
172538
752785
635431
193205
146698
716972
371291
144927
338463
999396
918330
358624
469205
46436
189762
752464
148715
652374
858109
693024
59220
169461
552544
992114
72222
597202
337297
162671
99456
621271
906719
355420
833517
534209
588935
873219
628581
607061
841174
327943
665602
374685
140701
334803
984555
953333
738239
335100
447715
591460
555777
870441
308364
707988
366322
423990
678406
892647
358073
482839
93131
833854
486070
70699
543666
299547
96250
648493
972920
881219
453473
660786
204093
27336
865177
562432
746735
618443
448392
140967
857665
72566
327613
946896
932747
683256
214735
43156
310886
93788
2468
374837
64286
276139
63012
925211
216884
317505
629058
119965
146655
889723
816818
45093
208756
505204
240164
798221
651266
361997
633951
455333
143873
862235
455176
29424
807995
510378
233453
412499
972473
971387
600698
718746
671821
58211
825374
519082
732217
857142
517216
810651
26423
808808
283562
61395
614838
225318
608075
231610
197593
480527
632043
792329
108262
184459
748678
942111
134733
704470
311952
851575
792081
852167
99037
838571
593972
277158
205185
640147
35730
589755
169015
75512
740243
144925
836617
775275
75043
668279
880661
872397
796507
676339
672225
653349
215998
499125
135877
404896
555578
430563
712269
484958
253043
431379
983269
732777
1498
886669
449304
815550
391744
280663
718746
912428
661649
656153
874098
845221
548224
996124
513049
603391
140770
211307
627654
823578
324996
872064
408421
580380
517929
733682
682183
978155
773525
594704
391711
276785
830504
611844
841408
366307
332738
940681
328823
653762
49846
437486
313646
623489
525283
496729
446397
393325
959247
203845
672123
988382
657121
975889
980620
136805
977109
182302
419345
466869
476864
899927
749735
639301
981985
508244
256110
685201
347694
371287
71444
676267
753842
564092
460718
533516
390076
364139
918967
991817
342790
555019
739562
46685
76922
850018
624514
826267
668456
862559
623373
211824
13695
831504
592427
703039
176634
501592
976339
163040
459746
515931
102933
438865
55054
706158
119385
146713
605383
960092
828339
77841
442643
224016
451879
709771
148723
719240
753343
878695
519457
986212
492577
208498
914922
202716
715609
317849
352219
18725
598344
892612
78279
767384
339760
930006
347397
999777
763580
652211
481121
645372
316358
316454
138053
247611
685098
215878
441808
452050
319573
849911
68815
55893
536902
903629
193286
569059
669137
605505
557756
364655
197548
379201
339798
272013
388564
854126
780847
49240
771350
472564
195941
163113
74031
265941
103634
388957
933911
131260
938463
843806
320039
355314
439611
228411
254470
944310
249802
724938
542137
923051
375402
618312
750446
120213
264349
549812
824757
839188
916602
923763
414355
686001
767627
387922
476912
833987
378458
536599
224674
591544
430474
727318
727064
328233
108533
485053
123819
418258
853672
236848
153101
535130
83701
393988
74305
610963
185765
389004
146736
230312
39398
347057
821458
849803
860770
951599
812
791463
185596
674805
435496
980510
495809
853580
748324
681118
73707
122711
735571
202305
632393
101755
945866
751645
893516
507969
668453
469554
518261
172784
503134
842646
55932
14253
14977
215239
274952
751413
506473
543222
612002
871533
311813
477642
995888
686189
328741
927830
384600
832087
15294
985990
645506
908835
713735
258748
912731
647490
697213
465527
462479
596141
952159
967234
82349
907639
606173
423704
175023
129757
858485
491845
530047
860934
667007
866592
760340
55262
979362
193378
654099
21216
741721
840062
58795
974615
487640
317573
876777
107987
672301
905757
741940
901716
844684
369849
294139
68384
298480
144155
718679
193418
607989
677935
774965
426455
139534
594375
289606
113912
365873
914147
686983
824128
11441
968315
311560
124937
1676
680310
856663
622638
362094
359250
516813
471518
528462
738589
120253
340929
323085
591607
232583
584778
513127
477183
227426
90801
503339
689294
400312
469946
421559
837662
316014
706179
476754
105889
562224
270948
849667
237235
991693
679303
761624
373060
355774
865668
883872
750258
323253
842697
191830
491229
782460
812567
366900
827158
716468
196135
575552
284219
81001
819968
192244
217785
288866
34666
81389
899684
232030
670128
936024
359043
684073
70335
709280
549381
59589
876938
235992
908679
377395
428642
625976
548055
672939
603324
420117
874026
439158
366525
602963
511108
263166
855963
38911
434968
391796
514319
647950
642313
867230
479839
998787
437422
628979
737323
401293
125992
122860
384078
905246
564553
125798
363773
548899
634529
988104
942605
418884
235714
112855
139022
665768
445923
596683
806193
570569
943878
152641
770015
809437
490237
603515
764948
951125
763412
678669
582154
408573
191902
844294
86532
798036
674327
962915
48435
234105
711293
476406
313712
292931
990558
968680
430490
881758
697734
606757
171662
170885
170522
246091
173139
965714
279676
703822
429835
834025
820701
119676
4915
296033
175537
214580
108643
695862
923303
46603
969328
592324
910460
396325
605833
561263
780320
878245
431116
9054
143900
144525
167153
801010
307014
947831
395060
2811
998225
163320
551013
18611
471991
659312
282066
427152
944424
727291
942097
454968
494033
896136
562803
564863
39359
817617
24540
535061
292723
417601
399115
720210
250484
597738
68818
460634
194132
813261
158085
793991
601227
548336
351423
303595
411050
718063
197015
469159
487737
738182
268749
469498
715416
694531
945295
795370
2185
413180
835121
54532
807870
954468
1496
708932
865027
562833
56850
193013
788032
986879
725797
770583
511657
467777
337250
791373
678366
886066
574360
603670
486214
21534
196270
831660
454041
337473
93385
596493
451667
625230
427184
159753
816501
444306
340002
615312
435149
494564
638282
300474
847630
361835
936891
138748
680314
530813
169477
204824
418570
507702
424874
610513
306295
637893
572783
870514
125083
990939
792478
907111
293391
392856
975538
746568
804402
113260
602589
219268
803559
886543
97635
677642
595234
467980
240412
255789
193515
609675
723543
10994
491471
945840
478296
956811
669178
287279
50399
531945
480543
647233
3141
96665
304895
637043
463048
987155
40333
595078
880072
873349
164841
892056
480804
834850
343161
543294
38136
829802
938809
532016
559788
823230
548018
99678
848597
314334
335653
219438
43249
905950
629406
585048
495383
443446
465380
214974
258021
433916
38226
80901
879010
332634
785059
47733
803175
611306
445921
595380
855757
280992
224467
743751
978711
576092
295595
199202
296772
743318
813713
829014
331658
146618
52535
529243
181326
883170
807751
233561
796541
906050
469291
148118
468013
502856
658219
233079
975012
685707
292641
206276
915001
238208
434052
975312
522644
87755
231888
959490
533690
794614
683859
559306
437620
917821
481801
603495
808567
303199
336046
497642
143368
434136
877590
980470
694412
434743
186904
265814
902201
384707
256935
948170
276360
887765
732145
466402
557702
428415
304525
662481
949628
467154
729657
652868
340647
963352
192247
73106
37847
85998
589506
875939
597476
631608
703830
995214
286516
632539
817495
422646
436764
372808
786812
332602
529179
313807
657149
105989
955464
478560
961955
676970
273909
791048
89756
480894
748073
246701
962286
936547
80527
268837
318009
684063
109106
665457
506687
439156
301753
369697
127088
800981
913648
235943
699043
530628
940686
758455
695228
744329
264840
358980
43647
372643
20582
569693
642471
848274
282616
71808
284020
706982
900068
65268
788124
201476
598832
492896
295434
577359
462807
783859
334114
273
11734
501751
192786
969772
895320
485617
832276
443855
866259
27391
62108
112003
456056
66349
7913
635749
970772
789118
911431
317880
795725
537877
298534
897529
540262
698302
425600
846553
798310
58909
981540
249938
832298
11046
261576
228217
550734
299212
824103
655206
411045
800419
284507
417427
763116
763453
136071
457321
774807
857064
696847
243665
880939
339087
670118
765842
714119
763499
25390
883416
292613
565969
575267
649309
284648
208244
761544
409409
658526
101143
654079
734951
928550
580543
756073
100542
474730
148450
897676
687725
75678
815112
782881
422474
799528
402007
951684
252903
391061
565840
30845
783734
91030
555723
853835
58373
591903
909104
817955
750446
385239
727853
993242
175698
858600
102385
767523
704440
717035
745358
905310
67531
179124
478001
706798
874201
947337
170140
578725
29283
22630
312461
714009
303349
55910
897599
47120
648903
425973
547428
517334
912082
553728
169060
690676
93940
218561
91938
429929
811858
929670
144706
340778
68210
143724
995163
63024
129954
942720
41482
395352
29789
48926
58209
693192
859996
754592
312377
952906
538073
521141
959283
132127
592004
588412
727280
755699
911488
734284
951789
301398
339827
25326
148554
903469
764495
582446
988414
410546
287493
499336
12041
886680
871018
533178
732252
233638
403702
329161
351987
594605
487081
359907
18310
70902
132639
56381
19648
739858
365847
879953
402511
312796
982859
371076
121896
38554
906580
417963
986260
411534
89286
170969
54742
486575
672360
951054
420025
207132
405577
406928
562978
996287
453868
689375
696405
218757
925815
884099
171442
341379
139831
767101
989626
59607
966973
115684
825427
36372
259430
452797
756780
983139
511716
676791
410219
86402
575803
398455
574943
979646
960592
20894
582531
132949
544564
276720
574887
663144
616335
687185
951178
254786
705316
388
751611
589815
329038
941497
746266
513285
867788
780350
428142
277292
882050
965763
702235
752836
758341
308681
231120
297538
687693
152224
608028
255220
742691
112778
947985
759730
868215
219214
627403
399748
647854
628806
624869
506640
280945
957115
123955
892982
153670
722839
888968
48834
453697
996975
62494
750244
676564
263217
938410
491458
632065
799628
308714
790367
71447
868563
165338
4252
825165
943222
358846
188636
487472
791031
793423
739201
530440
810009
149950
916271
212012
631856
364493
458684
997255
788875
985763
180652
912317
419171
205961
350493
4307
85638
636399
128732
431330
422217
874478
785004
498885
969033
382974
687429
362773
687215
238764
660632
279223
811689
84007
149410
407357
611853
848762
737995
200616
148944
64791
91089
162922
98391
661408
476649
765060
451939
741238
65304
294464
467677
441363
823025
128741
339451
157092
315596
476190
377035
720162
411266
276170
989838
156441
529867
742249
259031
54362
680919
574984
29183
358223
90486
760336
964283
799086
16885
954124
839510
945907
343891
111788
934377
758798
726476
949545
551934
174288
395875
97606
359954
973201
54766
349315
413989
612503
558367
366236
416339
190208
989301
599320
349277
681855
268519
799671
471325
127264
846359
348496
303434
193750
664901
945762
14946
517680
944094
984169
932938
533235
346975
410183
376438
239350
766265
154534
553818
248166
19473
855440
40258
403586
935025
563167
419673
179945
122672
256925
443721
221510
804823
175425
777892
311777
25483
218531
439073
332697
938666
998056
912880
652663
744535
851130
485577
893325
957223
759558
815032
762157
443560
967933
477907
78743
231757
371176
473429
259902
815025
850603
508166
378480
388523
816896
436973
282523
386422
975578
292574
848011
998516
307239
526126
823090
353792
779127
867753
822977
393609
749687
611473
264984
785474
274821
385107
49030
896352
735935
549835
316136
332035
598344
295619
961384
486320
327957
897710
678705
394430
562647
648581
351552
336480
341828
998767
443517
745644
645290
840823
735180
743528
674161
525052
116578
541682
997633
706234
946873
310183
300824
479411
759206
695499
321640
847264
343474
447040
581979
701257
568109
970269
377214
655494
675977
152871
267980
532068
290008
498925
928379
615197
781018
38983
461543
241600
866399
688559
331987
158047
882890
207415
157323
870288
261318
968241
311081
644445
767481
362789
209459
427287
217732
997378
83123
892915
671372
153638
599093
646280
687943
936450
77972
867836
651241
970673
22329
451031
768520
264154
351512
895359
971618
278585
824855
657403
9342
590624
915991
547329
930562
547861
968631
402454
508156
120367
392743
600541
157561
550553
103511
859859
704593
47882
974553
957913
98487
549690
769019
49338
987715
258637
733533
505734
655730
247215
457477
513571
809239
708503
775461
408040
791442
391829
66493
425461
163242
397020
312129
599457
208320
266383
785117
573002
575415
798436
629829
1585
986858
671672
910184
951861
505469
718095
652599
117485
303127
829064
807956
426907
588810
733632
884743
283369
890138
746929
947799
103785
188539
339645
54314
578405
955348
362742
329793
291748
456429
507949
619011
680608
168423
676600
311932
53894
959577
47380
458248
309229
296566
844814
732129
683672
67137
594648
449051
777075
389465
693250
31053
572325
216130
432873
425608
392743
335189
556753
991098
108647
351744
23566
96774
79892
857680
385626
826103
399371
948455
121045
835344
535842
174895
368128
139703
702082
418225
685085
63801
759742
956496
752860
911846
890974
318723
517144
143911
198152
795949
547922
988699
508876
982772
103311
881360
553667
293746
718929
386519
512477
151830
848156
31499
786481
896090
340766
734907
127654
507182
392399
825919
357455
56901
93041
110229
965358
593253
56657
126739
817525
548748
81663
104727
677964
600206
723385
359557
862812
839591
514198
636994
869162
498080
15201
517267
57136
504399
896614
583078
346473
937851
824224
29549
979596
523073
497677
913640
410157
445240
931237
387698
921465
161905
698699
937440
677751
104229
745490
794798
395609
753195
272983
869874
76497
439329
707588
575700
436435
901027
666178
206057
742147
412939
520311
280100
411485
693782
157189
454746
275707
161699
722764
681205
592478
468339
696890
333865
77840
805533
512303
972874
709650
246451
264013
292591
640297
302160
206913
692577
268285
441778
601740
732747
572013
135977
373341
922158
954948
964263
561240
798026
584797
272935
875036
11524
715947
141488
237274
948787
249729
607583
178488
228167
521956
96292
519772
483466
816026
942610
846316
572901
87240
72700
269058
863492
244473
909857
298288
832314
618196
372535
603229
851143
257584
713814
747427
804482
917828
32996
338101
941390
902661
132875
457387
195817
580656
597609
232781
467582
632541
225952
309580
740959
944377
845645
437236
625475
842757
587889
735631
879509
815798
866952
86756
146933
186477
542797
92549
937248
253958
970206
469596
888264
84903
299993
977475
59061
985986
533124
132663
447633
138466
474581
466866
731473
799701
599397
908681
194828
918541
857930
317624
728494
484691
613219
391111
451907
819414
569583
498457
697564
884972
312404
73516
552530
924295
732350
183988
626855
808922
678466
228031
966161
489958
159505
514897
511552
48689
476155
980709
253542
176867
928707
413163
909002
89158
266828
360424
893097
700065
200299
961826
263703
693432
80509
330785
898651
658867
531313
488777
554262
82798
665026
953531
680934
554675
992174
399804
603218
540366
338686
949548
30791
820623
27574
906070
281485
93759
144664
157594
323743
414464
593803
69527
31884
351727
50747
730083
77478
852347
566951
90267
959925
688319
32432
494103
990840
837952
113988
12218
1934
557764
944553
815323
616499
12980
748984
40787
275432
499919
488240
968558
472558
701477
729366
788387
494944
700219
781614
274614
537113
404810
747675
416533
481324
113687
746205
541143
922582
613867
539509
199634
796067
213541
859377
131857
425548
223160
772070
114829
349101
188537
268879
433956
983593
931197
975547
897329
464094
81894
364805
302379
775962
423530
942216
319131
295021
190960
571380
965464
848322
772188
760264
366291
48574
624930
16531
481197
748163
362507
49225
921249
382895
876302
377638
201188
461196
627543
21809
890649
405718
123866
159021
250489
578500
198626
772359
425717
557683
571910
92061
615275
709203
618427
921827
781696
233188
276155
253376
153470
669837
354073
930273
441984
959623
148510
294647
279828
646865
12383
905856
498986
754403
747064
123640
42735
386992
415774
570513
607359
290712
465071
97838
553571
908710
19594
24447
469192
956596
20084
265962
100280
986440
300570
519994
408092
652623
302881
421554
777667
462942
805931
166449
311873
366658
965036
82006
624515
401838
617578
29031
864176
303487
734413
313874
767612
810587
866092
393496
279543
232500
310643
541348
925536
407664
437755
486046
675197
113956
552455
782503
118465
862456
428337
568644
600718
889769
48406
677955
404344
561230
892954
13099
917121
281234
927852
232831
759373
149685
391825
648168
419852
396647
503811
804532
971924
533938
829692
549425
393113
189247
463178
497382
618803
84763
917495
30660
711643
891534
398525
330112
828616
116233
662455
762195
90682
590014
785629
753026
372379
314201
312536
181132
281914
887476
130631
60026
769608
719809
547482
894754
510361
252110
755346
603074
506320
927136
565175
606429
324253
904727
827016
391402
890460
785350
395860
449619
642483
410621
868879
277330
745242
725427
541369
111748
358964
812658
181905
452646
970365
239472
102422
990974
623369
88287
191909
114614
210277
775532
113814
225873
187110
404817
117884
282747
445492
713518
558611
935490
257784
401560
433710
922634
896826
865481
43253
41400
439378
708868
24202
285157
328645
295396
25368
889438
759029
275225
682499
746039
14260
9280
739135
133362
256888
573312
37201
452516
604317
595331
613629
155063
164921
490489
960839
481853
624792
631241
806546
588115
514009
210175
130613
152022
908229
20563
478529
445190
61936
384435
682835
980039
132554
35064
471151
874030
854623
807256
847453
128056
52479
662044
425422
512760
25629
279023
893369
25503
203940
554730
920875
302773
233138
938193
462710
670046
484129
464861
454902
886030
693266
382773
57759
152621
837715
152978
72868
522558
567216
131646
400904
718061
299073
449805
82534
695510
814889
917626
761753
961353
223453
988022
112935
351185
713543
860720
213121
854946
161873
437255
704435
339224
967296
218670
650666
794996
3145
613556
482880
162702
765214
926724
943854
617413
886520
814526
219435
367220
633159
239528
898377
227972
298891
691289
889764
697389
251952
277754
364138
706114
359342
482933
825823
331756
872139
199037
849393
313918
66615
481839
738558
259957
843203
496219
141560
164043
542817
478618
34981
675770
301585
842222
126952
896279
219776
631213
716749
686760
747423
479167
290357
708995
306952
308567
200969
630776
171982
78818
141984
631988
984437
29730
81557
837787
888025
366484
443232
99038
348283
21651
888171
739683
317099
199943
910854
720409
849891
702869
879497
467969
782596
93789
304603
404554
845364
162110
407692
383758
381746
772467
866039
35372
352239
744024
936759
61129
146210
569559
21971
574520
415548
559942
773432
859614
733562
744135
855023
746245
349375
162425
521438
249067
428541
601865
586136
856526
909505
614652
832910
609455
246746
110294
120328
3674
612493
527193
471185
935485
720664
732657
332442
68356
757340
336660
428987
894035
214973
834425
787461
997586
587294
605677
751176
372140
630663
851339
900415
521939
356149
37534
592667
927249
940971
898299
626479
446843
219109
555289
711025
816504
598060
987330
357914
554908
49650
445531
871219
76290
459754
143843
345145
39648
401863
874866
665945
249812
593428
78495
879360
528312
513536
404031
826528
541723
938259
686612
560206
804956
187912
819392
576738
39913
398070
388844
929681
785913
397662
799234
824467
908884
470540
823017
705966
539450
296391
307614
263481
495269
493628
926902
306616
636338
999326
930937
812940
751900
163436
683151
467458
616682
307041
203979
127312
843419
901689
848054
30988
390521
781443
894330
15225
497941
973657
133716
109673
611040
51931
400348
106440
803218
570582
325018
984492
380505
646016
74300
820354
406532
626067
262032
284731
729480
96879
690150
179857
189711
90129
50540
343197
829676
699240
614813
454106
512374
289476
606959
130444
950337
322515
758311
697746
425371
742677
493126
497364
525119
337523
233410
177116
447674
394701
649526
581584
837803
151358
61472
964828
318028
82794
554252
379575
721600
883743
679549
812256
17519
740621
424247
888941
364463
409892
957914
644145
858762
719436
317697
633984
859681
921228
63499
768601
456742
895923
19711
295669
788605
770065
858064
205465
950064
380638
97167
944180
83261
612481
79700
675594
614767
857830
977657
445421
177868
999792
248502
548082
832492
976756
299910
220618
103445
546538
224045
366350
131759
100464
932378
376279
282093
331913
308502
874809
360660
636964
759842
179884
303186
795353
608708
156181
479193
81324
55606
781323
310454
3604
317966
534875
114533
496104
643541
24449
792296
924669
316218
799411
486412
504118
51143
196476
492227
242901
382834
477614
294941
466098
107119
395138
696811
762762
697973
159403
753978
270766
184396
711227
333329
6698
234548
693215
120863
720072
515784
929413
986228
841460
79510
626217
275751
156045
358383
581595
979996
51197
904069
318983
122911
148398
190938
93274
967120
540376
762782
336003
923719
300989
285393
515549
643434
879146
204447
880019
479665
359855
627038
74013
765309
204424
537052
233695
563386
960519
840270
742232
903000
56433
461881
4676
86308
522961
774178
433372
844258
967955
467475
707220
889575
372174
338032
698961
819096
547639
723156
731841
380464
165724
507883
580291
779817
381065
690784
459317
153067
592791
958057
282430
774678
408141
791375
208273
468933
558386
452939
595938
645942
491207
607773
508143
626094
958246
492869
639769
113056
656372
217305
506434
822934
404467
141375
325506
864525
448856
6902
997946
618398
924503
495795
375391
352935
50201
477507
23868
709276
6904
681425
2872
208332
366385
980860
305338
341062
831578
34996
362599
837499
217986
635574
834407
729335
912662
152524
991629
346500
638898
227828
576952
306945
865489
793796
379621
911871
372022
461482
602186
414475
497686
732170
22189
846188
310506
709501
268468
687817
416020
533420
239789
481012
101798
475171
402147
595841
863628
848370
289648
924638
317704
60223
368235
214380
815783
433093
384134
499280
910223
602355
587069
284071
808795
96611
220650
994595
345233
356400
137775
325838
703171
474346
930855
111033
381772
704825
304917
809760
230377
802970
265737
139050
755872
155943
870096
45990
10402
996011
386625
335483
193648
301810
68262
331521
252140
268303
30943
411103
116672
851932
345836
900972
516458
223743
409798
150976
263108
353774
197094
657655
128640
499589
195081
983711
168764
579734
976315
637007
537100
455475
39754
743042
441627
74072
748881
937670
790555
793836
127933
33649
736024
815982
826127
607215
50253
288081
308798
219663
815615
632881
812014
114765
833464
920985
328882
726982
254377
35322
535363
469758
510600
283869
958799
518061
420042
865484
17854
78068
557411
584818
481035
7650
521684
62394
628209
342433
689127
591727
818777
773117
70456
607027
858175
288579
841072
410907
640889
148839
762010
736011
757275
670767
337413
320278
691795
257289
757872
731009
545324
713509
639766
442252
211641
210207
843978
188956
635563
962864
296283
961257
397993
689107
30021
302561
741671
901413
890606
561519
805144
456721
427394
879710
281174
611339
761249
221357
173236
230483
389001
473013
433931
579982
133201
487581
61515
648913
139687
981784
642336
584205
174231
563403
865375
869009
120878
851614
326777
43539
451754
563981
3691
107767
22018
445460
181012
83291
213261
481155
298903
464071
765257
965894
378775
749552
98478
56129
476691
933631
518772
545400
268932
974634
120392
780514
759663
721229
829328
576721
827342
855371
66403
506675
702270
767046
737955
81428
421722
168932
527968
677398
471984
810538
762656
850244
300493
309432
600893
943793
351923
519129
485541
63647
634820
863615
970694
838123
5836
422557
872377
463210
657393
814477
319327
795089
619489
803246
265815
3779
397453
594404
450751
815943
316607
795816
536989
802673
313624
139512
114879
263309
738568
836973
847021
348366
998064
752441
927777
13143
356378
137979
275038
577840
640467
208875
41444
762918
660077
994393
99454
278052
699535
547304
289340
86690
970894
686407
405177
255468
889434
32935
254232
640814
82209
911653
165737
651070
667275
603328
933267
20741
640355
491855
246270
683192
741828
881021
337848
168668
487709
201961
577378
113474
818815
472376
474621
655460
359904
449219
100344
321310
476677
913775
631399
25101
253449
961776
44471
482719
673643
547980
474875
543271
89720
54634
936876
113369
172150
898373
594404
851212
23661
296218
718586
42935
261518
879879
195096
183494
230522
234859
329776
964497
547562
102950
149258
348724
666863
966912
940643
835232
435085
583546
307842
396925
121270
341474
214674
816304
909463
477322
924532
349893
81674
106915
587193
7150
84562
647775
745053
663978
781533
555802
378094
591631
385766
320399
283388
271779
67597
532858
125480
695185
452871
998382
501058
70464
395270
617982
387515
345514
870891
902432
42622
476739
438050
195785
307342
394701
243363
647882
758164
227815
912699
867069
310301
770510
384640
336543
622030
659045
116272
28687
470582
113324
825545
730430
875795
533953
388045
749938
647887
499551
989853
454891
508326
875869
960862
737532
347876
993465
219138
659952
595914
548447
508432
202503
968395
777456
527663
287026
453579
254826
639280
176618
104629
804986
840289
845195
549937
78490
20302
843217
675262
818952
841083
498082
258803
997760
986896
487948
693987
350207
492619
667605
523862
967930
117805
528883
267201
387108
361551
590123
118852
570030
206753
694922
580224
872546
505247
615192
715741
843345
485058
709768
559249
205035
591076
411180
586772
716233
997650
833798
623549
685371
726109
34956
726265
664993
478051
845334
52040
721666
836929
425426
899987
908493
260804
682319
747253
386199
243411
66026
191306
537202
883872
703515
624328
666007
946446
601411
332921
818009
99445
178183
797464
989206
321527
391334
237416
50673
896322
333067
331710
627690
713948
215957
649464
240040
591880
982771
289809
307483
846975
544512
460057
742741
26024
720911
67349
646062
352847
758726
348718
725267
344296
547088
92072
692701
998420
320296
968677
140962
450532
301786
104185
497787
316684
887265
754594
186604
553017
551949
280135
942064
340867
880421
874663
849593
166677
234330
37317
904917
211890
131072
594799
34680
583727
822698
445859
189075
895127
707799
661501
295520
664545
835459
401782
359556
680376
350975
314831
813197
137136
119334
321074
347226
697390
915590
571547
4325
166763
825805
940307
987491
598036
21902
593023
850474
681016
33929
213874
107203
528934
393516
161145
497321
13205
379251
731247
801119
950236
317335
327307
38883
548581
392714
628184
463095
228418
438611
63984
677828
421013
827209
978328
459938
732485
83867
909560
392585
687538
347345
713574
506195
718285
613671
159569
258944
278886
585588
947884
520489
179097
598682
910930
931497
726396
987737
116712
148686
209179
101921
430355
651451
852095
59879
22199
85688
859286
201369
526212
377596
124878
16863
621181
903781
298166
718143
995069
524278
222792
696247
45190
926259
507453
773642
291633
318626
602647
990750
252181
913984
402989
617237
463035
534059
672438
24013
42564
735507
191186
76212
498701
206337
993231
936706
658562
13307
151278
821701
830257
527187
177720
862773
67346
433461
931823
31750
585876
878862
828131
481953
971427
126662
904137
717229
445905
308569
987600
813312
292202
682658
647994
336849
388548
197914
26533
714211
492985
758185
598305
983475
19756
543539
199825
69559
787602
843403
542472
273980
27443
530436
183299
993519
908573
269435
82637
836797
882844
235576
620441
781522
918034
747506
560165
613524
334854
661978
454874
587250
7466
464887
949052
570440
760077
712831
470297
184735
953543
240209
31749
398086
966099
810802
617566
510063
712233
274256
322186
419197
622709
13842
911539
497687
616671
26747
887432
820657
694905
205851
577523
698549
931488
308680
625467
518428
861476
230242
462956
984733
737242
124704
1729
631886
987255
32297
1051
242492
47840
307105
489993
299436
33303
966275
972985
605851
791957
263491
132200
439086
146488
806001
525583
737453
970076
429373
408856
121790
164655
383857
532256
175459
80930
850915
224581
97756
452492
424246
788147
365463
146955
965950
707539
545354
865381
173800
968139
518651
611048
971260
657073
123262
618630
474808
401814
989337
809724
43864
436666
190731
848359
106817
575810
865183
110439
258267
523959
355741
884283
506575
664909
314469
650123
954896
576511
489286
324257
8971
722472
974537
129121
537548
275586
228357
462131
61300
303634
321762
298227
518570
835654
892773
855418
335289
355258
20007
625303
697315
746547
305133
917188
27077
509876
20680
816485
229218
97058
762245
366757
981408
1301
533264
705395
806783
555568
908357
12159
545166
658302
747090
492633
671497
896632
62649
440578
50345
141502
490223
515155
401234
772265
59242
368964
455118
176921
505713
447900
225786
715120
818467
21027
180809
567153
728016
853997
588839
438502
391968
934965
578509
307390
749449
158719
362594
975110
471063
421516
283261
907103
590967
161088
803290
734935
546331
927210
284725
476074
537784
944792
651911
990362
440648
107557
589426
56826
376020
774440
356062
453196
331742
664026
316345
511885
810273
650558
915600
407805
773781
111351
438316
339759
402364
367638
481088
668014
681125
503720
310952
125812
952416
166992
735813
449627
544652
234083
865817
634914
821237
830425
359399
122983
624758
384200
986594
578634
716434
201943
25665
375365
884937
884079
53282
665179
713879
636509
502393
138250
408508
4283
844183
194785
514330
558980
230615
525396
578201
167462
921705
565653
95999
922161
858317
148805
493578
453061
358271
672639
260980
514150
887697
196897
223004
379920
845395
838660
433290
937858
804307
499335
938637
265650
373981
898757
692296
938478
107868
688464
604320
258495
456356
515125
711944
743968
542781
913521
155891
913890
898021
47659
724003
326399
123487
970856
950907
731301
665065
567132
918879
254299
390569
895123
144431
474274
833171
615094
9483
460073
144389
21008
70332
503815
748968
254024
482562
807735
679278
712826
767252
358907
253985
605300
786184
569647
624469
875212
213049
869451
890251
530266
279312
444567
938350
511806
115704
632674
937017
899915
882829
118708
202330
422763
316870
706364
442849
517409
526055
637112
871892
241379
641888
872029
930636
153139
179768
547741
471055
966253
763334
298647
594831
89432
978272
513778
453448
601633
734710
373815
37481
3544
186861
780282
415229
229214
275311
105518
791074
300750
289979
388400
827948
904719
994281
867453
864200
83505
68368
578045
891176
479331
878343
27823
291018
715224
232790
861297
231941
254734
682147
327319
433
508232
824494
327961
666824
6462
324180
547666
190872
539581
856575
696898
431351
23023
238941
43999
286954
987051
786861
847491
377274
922562
616650
716507
721372
322835
9076
511884
135613
752814
324494
109138
885773
37990
251520
868486
626445
755342
982347
71657
150013
293270
467491
462697
124842
885002
535940
326
301898
763423
973553
506123
639448
842437
217328
136592
901561
937597
743725
187872
972777
614786
944840
376542
514457
222303
769691
24197
528877
930371
346995
808805
867201
207829
587433
405367
858610
910928
539871
853128
580176
268243
319802
527003
899305
284689
213028
910749
744091
14155
14897
461491
105933
241155
832273
198954
546613
53099
615582
765081
569736
767369
748939
18668
323078
439441
224214
114963
206899
853010
932310
867494
969513
635904
328673
974437
706839
136211
831693
834624
965828
27628
866081
703822
293903
939101
350233
883527
728959
809727
248942
390667
814881
495481
198549
730142
25010
748498
555936
161536
369077
409714
281731
415097
120821
471752
657164
134612
491171
508372
957825
387293
114953
202992
309320
383011
430052
972364
288131
414654
129330
514613
742222
336821
735178
204150
91682
839650
103150
678475
51554
923816
155979
662978
764506
719637
814299
548250
524571
910368
159810
179701
185513
21852
40163
400460
393045
834025
800624
103388
363384
744718
877615
953304
703399
371227
657637
575656
795736
374165
94509
802068
279470
558125
848903
972479
918945
961356
581459
448975
181240
941394
908555
455218
44628
947235
171595
292495
854816
825053
982707
845167
170115
624024
261992
617438
28082
416042
484673
703284
122743
671068
159180
815858
200963
674044
120909
409653
519581
210153
778590
606334
336405
321742
481821
973038
560305
955662
609951
22817
52664
408102
970955
809455
581895
34539
916811
701111
34989
679197
409275
160490
612236
48842
697816
632955
321053
881852
229254
527099
949854
101275
395958
931811
188705
793469
485957
882349
860339
948409
591931
380615
720004
425293
390736
578239
615032
344182
274287
240668
725870
868665
35681
477474
33652
217367
939160
421365
410247
567643
193084
977459
503135
204448
599991
723718
406997
5530
324289
656196
44872
533512
608946
13770
205965
626264
803038
454434
450592
834312
936056
773092
602738
222411
469077
165892
853117
993064
100993
670987
927307
211435
799896
482174
154373
997330
216381
756801
842335
123239
636862
341768
351751
369544
800729
226113
271126
49899
199956
471499
131044
867058
210927
197292
384468
3375
653293
989138
905133
772920
396244
526612
201198
722150
475631
362664
682320
548814
50934
179790
792928
921847
584475
947970
552411
604644
426477
183433
229840
432297
963358
70940
847978
806503
308198
946733
856035
162322
346191
273407
760620
241048
373630
826821
474045
980174
290751
645004
801467
20079
176559
630022
850985
817943
345433
31866
639976
762852
269923
773862
101699
351199
599439
962183
826978
110976
119918
739976
850714
470421
176144
144841
202046
112934
154132
160816
449693
676465
981899
779670
25487
48371
755720
225871
558600
884871
23218
500410
590648
989945
136427
502874
452695
957232
235439
410246
256481
203226
187128
636845
154268
56524
814843
592410
536080
130636
667871
128003
995167
986647
374883
967163
197310
600686
765170
889840
679144
929602
81078
298463
122250
662715
410727
699340
676398
98938
394405
633809
520775
476997
607010
798573
345245
544116
835465
389489
729556
65256
869945
344245
19018
205247
822943
726574
120555
226243
857689
598084
922798
828972
347340
873614
420576
677661
858991
739278
358905
120921
402544
288074
677385
984712
428102
345475
323905
442
74587
135079
349456
501972
949294
515191
724772
532251
750348
558855
737891
652918
726639
388476
481017
981045
410389
49087
127871
196796
989688
887994
479287
124887
180487
713101
417493
589763
595469
341797
516531
279642
950766
109004
880481
135645
559175
929151
369895
590434
377801
234551
129057
186507
268135
787711
536244
417144
815586
542060
149668
474452
713507
934840
782777
277916
647266
996759
348517
878514
835600
457564
371678
35009
890330
428725
642496
677558
589081
823752
258911
294693
400998
319080
563189
580798
795562
203161
563253
552490
66833
248807
625994
317661
57578
274575
58003
65132
362687
366680
786415
594780
882430
413145
489368
870070
916168
529320
106521
160649
458632
691298
529958
466432
277059
224456
733821
214781
307578
42591
437772
954694
656420
791918
580154
993359
497966
846533
12936
48457
857796
627114
282784
223601
189390
395343
897064
4838
111443
193648
421571
317620
277053
607055
318249
331450
34813
206118
378890
217506
499761
682048
767212
620091
840477
75650
540151
980789
940788
315120
286626
361653
533787
292377
168033
413553
535224
315142
998651
112579
878004
759685
768534
188220
672668
529313
32951
860807
316254
151706
617065
901952
361610
130897
386828
146683
275723
899587
254867
287742
79356
991599
328815
778882
937026
910599
850439
262539
140474
848329
386963
658759
575133
502514
260726
744742
195069
24381
225084
234173
889471
633277
995457
437538
982219
258946
758959
982614
577491
980755
829581
239935
542795
430264
897177
878489
919145
416243
768210
334916
867881
73133
328719
665432
152624
603508
115705
485461
845534
119385
695362
644156
105628
625636
238241
274289
92628
616424
942136
587032
456085
7560
605319
438224
533577
475124
193054
665524
174156
618538
937471
705636
141419
905003
121318
420443
809713
982376
427522
684098
329960
585793
848999
118696
898913
297924
115441
550305
952502
366385
40813
332355
408868
249300
925378
7690
874392
451929
115050
45410
719778
890056
808766
146296
945497
629810
899281
897176
583121
313398
860691
211002
50601
569219
959712
797313
851724
465683
758310
407920
854780
11572
661191
492708
792029
310077
541675
76157
328830
246954
930842
863950
555132
425184
448665
743479
263110
454453
358177
275954
564169
209853
865858
408098
264823
443133
50009
735617
9515
613547
480453
459688
69216
490353
868275
82104
416431
380973
725904
362293
885047
602214
604
604619
697051
785851
970530
542510
816602
891821
201329
501025
991813
743063
873403
816150
404765
115729
269432
140850
589817
221169
473680
36605
666329
301816
824215
945770
895161
322763
86643
830274
594497
728840
867413
603341
177133
288485
634243
906439
697448
382534
85229
568795
268885
914576
719442
294146
518291
504525
723181
897988
869643
675850
775689
422000
670284
168303
88436
746677
214222
160525
734600
865527
841066
762674
504133
455495
292543
937718
604359
650796
334414
76188
476629
644101
647134
274167
209253
778293
621570
424470
802040
808452
780049
570092
983716
36076
315158
932378
609636
213799
738221
982852
626382
770294
23230
738343
576177
614287
755786
399176
572479
152669
246621
947048
488844
12450
889842
251381
654937
334422
135896
130468
699015
456217
390491
669320
631045
897722
6562
880068
891034
656159
9161
1646
909989
911632
870922
607420
160141
100983
139152
560175
210313
875617
744652
735683
223983
51990
418404
817789
468659
48668
229491
911057
581627
517899
237015
205424
361437
684697
116196
684680
611876
944939
468210
348625
979864
428033
607709
947762
157206
859024
584614
51698
601370
376239
356604
184161
309612
876867
540722
644974
429508
491635
387681
189912
799545
19110
431931
86307
335892
663983
678135
944424
20874
726402
705999
844188
870656
779598
498991
853943
184385
920302
217729
599096
413966
264014
643898
577244
593584
872934
920669
724253
440146
961536
901087
650671
464055
843496
909266
131602
924971
34628
141104
767837
671813
37090
849904
920205
896706
872642
323108
967178
133118
834651
847333
932766
711207
514859
321196
386338
338367
807606
52048
475246
931043
602377
968666
524431
897883
310251
146972
75897
915651
502673
137975
154984
515429
141006
967238
753994
511329
419547
673653
814570
178350
118615
781964
907941
579502
393934
570053
912792
22424
336396
583757
548373
222562
585524
837393
359903
166744
318567
295961
587529
579346
962203
331916
925617
446715
191952
375263
73512
74749
150247
443199
354312
301487
507057
140462
848422
688008
669092
296101
481152
343972
784437
229712
984862
587030
435688
689002
758227
355141
122432
927431
54961
325342
495044
827403
784616
660496
659366
196365
147601
648760
561329
702214
593317
896454
783645
620524
45968
186980
559341
102373
489264
275933
254245
42191
247976
315761
796347
803241
528845
262592
494983
305654
353172
95632
994463
79030
691229
61815
149816
281419
976743
169724
225105
688113
406245
141770
461397
746655
631175
12040
931143
179129
389409
634161
5871
31125
156116
621956
238379
596654
516084
647676
916438
272911
590848
204412
508578
163458
462146
241877
701547
436277
46424
735879
126780
683588
453092
223313
152248
322164
545253
585747
116207
468621
565603
6684
548052
475467
294496
141832
652552
121205
478762
919369
804831
332754
913366
488209
252655
879275
359671
288722
787760
878543
429057
315505
611199
509061
615332
719907
564892
993123
730484
756250
652779
113862
986727
135482
489205
697126
414478
327102
16171
650004
964007
925184
832923
189746
311567
99679
939656
566780
35043
591299
748111
513203
232932
609611
951457
791091
89625
219086
920353
147439
17435
284245
833856
366784
190093
449364
438636
275412
30613
628580
687918
141408
27975
107805
917183
757471
998256
862674
96344
392979
917815
310287
633545
352559
937566
94943
584571
74681
919856
62815
63642
240040
414856
497343
775786
50337
937476
972657
964381
333026
836498
5342
895158
686358
657439
377920
336841
47103
724357
964963
426314
837932
36679
235878
932586
569545
825278
360179
739779
61865
46112
314855
344505
269825
332854
501714
10367
651635
338335
268572
796099
255643
666738
124309
65195
517044
283546
350178
560953
67687
51833
189066
855552
879930
147606
584003
66697
90629
40737
779923
116023
879419
39843
439539
95484
305026
165027
989461
618891
842864
466775
540428
775427
721919
672339
948868
949744
632445
983431
187852
605834
960160
747
452272
277169
307650
245157
893332
20621
649918
374109
99090
824664
777181
821553
959409
263106
372189
766219
969026
372497
350766
28476
933139
440635
204979
363170
80169
918908
873210
901547
682396
638978
976086
761999
110996
316102
465511
245190
739282
745416
564286
424360
601384
69876
844773
674177
163956
888976
346696
724007
648189
401831
363554
92786
870081
135409
769279
195215
130091
955556
277779
43648
511944
814172
435146
1749
63100
731928
301848
109222
527275
686585
119251
225592
730974
444109
383195
300824
54623
549256
440508
69958
600734
270407
984790
667355
845260
207383
833069
641172
485478
688993
783905
817483
171676
85739
663365
365426
771284
649139
331603
328305
107762
938600
928890
657426
970078
528956
147395
479500
605260
815426
455378
183811
334852
701030
785534
24560
796442
813187
786979
531858
378299
651781
750190
117951
643336
194664
449678
239412
785637
317623
949965
260187
38862
981716
552736
379605
18123
397583
19345
239629
976630
378720
385912
846224
384419
280265
299940
570299
596334
503778
436422
255519
542975
396698
783726
392682
50715
526058
830243
24644
890521
901884
699728
187726
532459
71585
214782
549992
93667
489788
939386
660130
811258
875252
959669
709257
212887
94846
20352
554610
209027
983636
655746
115504
492687
494978
51677
531434
328426
606536
495769
923044
666563
919304
946739
723240
367958
166989
353551
527294
171210
85689
308231
601874
610006
180611
444587
493648
540017
246439
965161
300797
659395
862725
415459
478732
480804
334282
405488
533900
399611
23395
987114
435490
598099
38919
415692
675551
858080
426919
904181
430189
648737
912817
746335
411474
6926
263773
68564
547162
102764
181769
452063
96930
465347
477180
811307
992656
674584
127009
122409
900141
603220
270970
831571
633040
340179
413287
958452
246503
23463
210232
295354
578810
355934
951226
965118
760507
257784
616052
625242
931473
124141
267785
583930
688038
50474
838941
728319
778549
211792
605339
214506
201208
712979
81139
529541
549451
721700
18319
495033
121953
269669
240777
169701
229818
510608
659302
673614
617129
461713
332903
287608
167442
663434
564574
988615
284258
583457
206432
173774
344498
274321
538833
493046
72234
151080
526792
34881
366719
427199
599385
875715
851314
33032
508217
737089
278174
933479
390460
53476
925210
857132
996388
565685
572204
835928
234214
800602
509188
824105
136944
220782
539749
784826
603562
799490
539537
780857
409161
803668
16002
282725
66485
769868
698595
248175
311990
137134
566002
616924
997456
30438
892961
215573
110906
529490
883283
405618
142464
261330
530583
642892
620767
984394
638829
316492
928075
429841
820391
736272
837979
269300
775094
29805
519583
298886
338227
530695
800025
652018
700491
424170
512303
191877
901555
53158
635252
581975
446775
759227
350288
150576
152871
615804
966760
37580
73464
995326
730905
927549
527882
837286
898157
2110
319247
670094
405752
353121
987382
277101
923656
403128
665665
765285
328763
528749
150705
96620
623799
245489
549089
651953
819513
389360
533179
921133
419555
882477
583873
540456
746548
822896
297344
234894
917548
783923
765164
268024
262500
628892
282549
281566
558577
29570
45791
597253
50019
16055
374106
408680
236609
83385
379268
680847
890059
586520
386422
567795
332820
541569
78390
904067
198723
519916
228460
778644
294246
593010
279448
390155
119657
99022
343636
876602
562139
139631
392734
397573
800653
102276
22074
993013
975154
522732
316057
857599
82774
262446
269133
630507
863149
329926
243562
627989
404662
362702
553325
838193
994360
949716
411879
616726
874213
193451
332179
420423
159771
319888
973798
439200
581391
951662
114576
98243
468517
513477
312968
569185
265124
283403
101417
510327
577629
794138
525088
906898
2346
702010
191680
376034
759324
644635
877435
216657
275787
109830
541863
239464
616640
253690
3863
390566
478155
621813
701226
748093
72657
990447
339679
839198
572895
95589
611188
237183
569860
405460
493428
884897
77507
585454
8895
983345
297958
728971
690794
242190
188390
898489
125863
95240
594816
534364
744429
725650
472642
447239
95107
363849
675971
809500
660783
10214
346176
36594
990431
596984
489557
4493
378561
855233
799060
708115
632368
138144
728842
286369
710227
625280
59744
36531
104984
328508
267038
513970
845304
142843
444939
643280
517620
496825
588060
927071
360030
562832
157290
22653
874403
764909
550900
720927
161141
16026
108978
649078
119726
997769
612096
712830
890498
585251
658828
375794
139398
834570
429852
16154
265018
483753
102508
685843
235356
720057
279661
612146
48588
373417
305570
101089
881130
699793
549929
154357
210660
16159
42418
356088
285612
64792
359517
202134
919041
497524
939657
469609
478559
961605
609527
391529
935221
342365
402483
23729
580712
179532
664041
69755
337916
718549
509120
822345
323223
465934
122863
228972
10368
904348
715597
171360
976653
363465
384159
691302
909226
126011
735364
612839
229591
401015
44126
610542
916472
115186
493046
903476
886320
140542
44434
55096
216174
560651
112063
120576
924012
902269
534030
742677
297978
629167
976325
874113
517250
583436
309235
893139
343686
739125
86083
250192
585879
997182
578691
410035
617088
338133
48775
368354
248794
407824
432478
718584
461056
14531
858975
943025
31432
689691
551716
138903
302401
389062
693842
964395
831101
797249
743160
253568
318101
501119
906495
758252
249759
200890
316516
180237
969472
251535
733587
521268
707063
399462
492284
277592
7495
777246
353452
485228
966167
203181
796484
921555
150916
618580
493982
998246
249538
656676
297609
516300
61737
463587
922323
536181
602207
427752
302016
368871
762653
165969
185074
655114
904638
70221
779720
81577
191294
980748
186966
163881
519431
773268
640428
882761
385269
60623
328510
198031
52625
894757
306294
634752
677318
12258
592714
321409
640732
757828
828079
637594
321964
476563
319169
341682
508950
50589
882227
507390
716393
304812
790199
285696
577773
746265
355997
185425
820211
858610
966704
381473
910975
215331
638961
903209
272733
754219
685262
400901
116985
728457
986324
945100
92022
181709
399759
421903
996776
530701
731833
755740
118379
202248
477192
54471
60298
923481
180713
544590
988467
545025
124293
527288
520003
524877
754824
523777
235834
912285
99546
241773
643779
947263
449059
797758
190061
911934
401366
41827
900673
142599
701572
603444
327529
138446
144928
445692
462874
867627
735739
678869
482931
333239
918259
823050
58380
313821
421814
283425
234808
293195
92445
81244
416321
568091
610811
88801
471177
262366
82995
576757
869461
378514
678757
392991
103048
988235
322754
765447
192863
316236
292827
563519
293253
299545
13236
374351
318719
300460
75926
918468
428352
711113
153871
892633
704899
56321
770460
529574
246560
254082
881022
825835
324260
545641
695072
650049
382262
139826
288112
502549
271425
220187
48523
166752
531746
118360
961107
346681
144441
302248
624966
81123
160319
513319
637632
702302
665969
272144
261438
419308
623693
550688
213703
27037
15307
72055
630351
219103
224134
428434
389326
952481
623656
889105
594801
330586
156669
371002
924630
709591
586573
285940
668882
742504
159596
995741
459689
465512
931956
797886
609010
859870
995834
104764
193788
504149
70514
404997
844843
582661
368191
85508
59045
109328
820633
705198
892187
962459
851064
219843
102701
208934
558253
717189
450222
382656
838716
571632
973670
744569
804505
513273
554132
819296
761996
147661
790383
533406
172527
496412
105251
798372
991426
938308
808163
689144
839372
602802
859572
554970
731482
759208
307360
324914
877108
443658
561081
576800
623360
766240
805151
749468
446977
357453
960588
770205
763966
667495
506976
890689
769831
910390
919960
272827
801722
558608
494219
597879
822100
146785
550948
226031
676962
994256
707384
961804
375384
116766
649340
800578
202626
302816
900798
905580
951017
345923
414201
282168
362850
220353
344001
36302
263175
690331
995027
774278
385079
247132
556669
101339
852436
366592
330447
554089
415285
700281
802264
670490
547724
71177
506230
968574
54610
616848
961536
732858
709489
811062
867307
400826
776577
125736
748714
589887
75100
618984
895734
743291
818358
794320
746444
225476
673421
515389
518396
700767
795422
120216
120286
206336
168607
828998
392007
321464
618566
548899
593672
647008
845819
312528
243121
738044
66883
793689
363433
967382
832753
138981
14560
775653
203662
883118
413702
397878
975214
437808
602930
788606
456463
589968
779355
73368
132874
84045
804971
773367
285724
456774
337549
363946
83744
378696
513866
802651
451283
460364
692273
600105
436620
704342
746150
475345
400698
836999
904071
367983
455008
794758
226937
180729
852505
3355
226179
894866
345349
138149
191879
733938
778408
295628
599788
747057
752667
368103
770688
985502
501618
105812
575017
925701
493658
764539
170604
445880
931608
212293
1795
896365
517609
577471
492146
628975
405941
646684
824648
574690
251208
324189
773228
450675
723024
812473
856174
66202
988369
380054
870601
918109
972003
364479
948311
129412
521323
522818
689697
140190
182282
841802
216992
948625
697348
203215
455691
387071
690514
265007
144552
878493
748658
704587
407951
539109
554014
667067
545762
658727
21501
270864
718786
36366
43631
53834
98005
94570
731715
367504
372492
855649
802995
522885
678472
992028
629283
422317
580289
80724
433773
753746
33903
292032
312706
957774
726469
211151
180043
297819
675548
387364
236934
161577
564921
42477
538832
387960
230725
158264
129589
800333
779259
682081
43797
995064
192884
944212
614403
286907
786850
393000
318369
23069
709731
605715
728345
548721
844380
777442
368940
464162
410293
965121
467824
438311
956496
603712
451525
36528
774494
782069
554001
646837
624256
527441
410569
679970
809443
617504
761310
960017
445356
119284
673401
685410
548898
880641
461387
18380
346219
512344
942036
383949
559521
937307
496294
376314
496864
972393
38989
890671
451174
886365
344182
992816
386835
100889
808515
450916
235383
757696
64677
419781
207899
626804
315968
110824
281591
993649
923753
57562
315338
248371
901371
623826
527770
360629
228547
433045
619681
195884
467979
200596
814019
253898
495424
594566
6184
587297
17871
384658
595222
1892
114638
531009
927029
340001
334647
207324
981980
617810
445918
161665
518994
287636
81439
678681
7069
848885
578770
693095
702135
577506
747441
791702
718796
369198
977800
528435
780219
27110
487262
763572
640148
674540
775952
982376
560469
548153
385092
529763
824893
100323
650279
17613
106832
203975
606447
404984
240239
588416
830767
496930
849031
718823
892050
484504
88515
335006
995810
821729
250327
437928
754215
87734
142641
857301
479822
220891
946800
307198
871828
112453
459369
500220
320522
34576
933798
481611
225715
259176
898983
743707
7753
843194
478644
978386
209281
742738
306994
945908
371304
393413
329407
565803
301948
156909
822975
811646
679226
786864
608108
945189
946877
653048
235672
563357
305476
977385
153544
456441
32328
876165
118726
170949
318625
400817
105133
673446
478452
55099
808183
785580
111319
944371
273763
283145
864718
668546
489802
926175
667457
352819
441042
480973
697991
633969
873453
439864
692416
509198
927313
214898
419928
525587
642628
894698
82234
922478
147089
790778
937243
871851
189219
169484
735277
272922
556390
515800
294641
796215
820957
471956
267722
786226
453409
170625
101015
320969
866531
513057
910320
772640
922661
464557
234647
692035
186098
713896
904700
246518
